 10 8 11 14 12 2 4 14 8 6
 8 13 5 8 13 6 11 8 5 13
 5 14 1 14 15 10 9 9 9 7
 13 15 11 13 13 8 11 13 9 10
 3 1 13 14 0 14 1 8 10 9
 3 5 3 3 6 2 1 5 14 14
 13 9 7 4 10 9 10 15 14 9
 1 4 2 13 3 13 9 11 6 14
 7 0 15 13 8 8 7 4 11 8
 4 5 13 6 3 15 3 15 6 1
 6 8 3 8 1 5 1 6 11 6
 2 1 11 11 8 12 2 8 0 8
 6 7 7 9 3 10 12 7 8 0
 10 1 7 10 12 14 14 14 4 14
 15 8 1 5 8 15 15 15 11 4
 2 14 4 9 4 0 12 0 13 4
 14 1 5 7 15 14 13 2 11 9
 12 10 2 4 6 7 8 6 1 2
 8 12 8 11 15 6 1 8 15 4
 8 1 14 4 0 12 5 5 6 0
 2 7 7 4 15 2 11 3 3 13
 0 9 13 1 6 7 7 9 8 9
 12 13 4 10 15 7 3 7 3 5
 7 13 1 9 4 10 10 7 9 1
 0 3 6 4 15 2 1 11 5 12
 15 5 13 4 5 11 9 15 10 2
 2 6 7 11 1 2 4 13 7 15
 3 5 7 3 12 5 14 0 0 7
 12 13 13 11 4 15 2 8 5 10
 13 12 5 1 15 3 5 4 10 6
 1 13 2 8 12 6 7 11 10 2
 5 8 6 2 10 15 14 5 4 12
 9 9 10 5 1 8 6 2 7 2
 12 3 8 9 10 2 10 12 5 10
 14 15 6 14 11 3 14 10 13 6
 9 9 15 7 5 13 8 10 6 14
 11 15 12 1 12 5 11 0 3 12
 7 14 2 4 6 3 13 9 0 12
 15 9 12 2 2 5 4 13 14 12
 11 7 0 12 6 4 14 13 5 6
 6 1 12 10 14 13 10 2 7 5
 9 6 15 6 2 10 2 14 11 1
 7 7 5 10 14 8 4 4 14 12
 2 9 4 12 6 12 9 9 3 6
 3 14 15 10 6 10 10 9 7 8
 6 3 3 2 2 4 13 12 4 7
 5 6 12 15 2 12 15 3 13 7
 4 11 15 6 1 14 6 0 4 5
 1 0 2 15 10 6 0 7 4 15
 14 5 1 7 9 14 14 14 0 0
 0 12 15 2 12 14 12 5 5 13
 8 0 5 14 10 3 12 10 2 8
 13 1 12 6 0 1 9 8 0 3
 0 15 5 2 14 5 12 13 0 14
 2 4 13 4 10 12 13 4 6 6
 3 1 14 13 12 14 7 13 8 5
 14 10 8 1 10 3 0 6 8 12
 14 15 13 3 12 8 8 15 1 4
 13 13 8 4 0 3 9 14 4 13
 13 14 14 12 15 2 8 5 2 3
 9 14 4 13 10 1 3 3 9 2
 12 12 9 9 5 1 10 10 4 4
 7 9 1 11 14 1 13 3 5 4
 0 2 8 3 13 10 13 8 9 1
 15 6 11 14 14 2 14 8 10 6
 4 7 15 3 9 12 8 0 10 8
 5 15 3 13 11 12 14 0 15 7
 13 3 9 14 7 9 7 13 6 7
 10 6 7 14 2 8 13 2 5 14
 1 5 1 6 14 10 10 1 15 7
 9 4 7 7 5 0 9 11 0 5
 6 4 0 13 3 13 10 14 9 11
 4 2 3 14 1 10 5 5 15 9
 3 7 3 10 0 13 15 4 5 6
 11 14 5 6 2 3 11 4 4 14
 2 8 9 13 14 9 14 14 5 13
 15 4 5 8 9 10 15 1 4 15
 9 0 14 6 0 7 3 1 8 14
 11 0 15 0 12 6 9 0 4 7
 7 10 9 3 1 14 3 12 12 13
 5 1 5 0 2 10 3 14 12 15
 13 2 15 5 2 3 4 2 11 7
 5 0 7 9 10 5 7 13 4 15
 15 9 2 7 7 0 10 6 6 2
 3 4 2 10 12 8 0 6 7 8
 12 3 6 6 13 1 14 10 11 0
 2 9 15 4 5 0 7 7 2 13
 0 3 14 8 1 3 14 14 0 3
 13 14 5 12 9 0 2 12 10 11
 13 11 9 3 7 0 3 3 2 12
 6 4 6 11 0 4 2 13 5 10
 6 11 3 5 13 6 0 7 13 0
 0 0 9 3 6 7 0 4 0 9
 15 7 7 2 4 3 5 15 15 4
 15 7 7 8 15 11 12 11 8 1
 11 6 10 0 9 1 13 14 13 7
 4 12 11 12 15 0 3 0 9 14
 6 8 4 6 14 0 1 12 11 11
 9 7 11 7 15 3 13 8 11 15
 8 11 9 13 8 7 4 5 10 14
